[Slide2.jpg]
filters=finetune2=1,0.000000,0.000000,0.148772,00000000,0.000000;
moddate=29257c091240d201
width=1146
height=620
textactive=0
